0 0 0
1 2 1
2 2 1
3 3 12
4 1 20
5 1 3
6 2 4
7 5 1
8 2 6
9 1 -8
10 22 1
11 3 21
12 3 7
13 30 1
14 7 11
15 18 17
16 55 1
17 10 7
18 77 1
19 65 1
20 1 2
21 8 5
22 90 1
23 111 1
24 107 1
25 1 -14
26 120 1
27 145 1
28 8 15
29 13 28
30 10 29
31 1 -30
32 23 10
33 16 32
34 29 33
35 23 34
36 24 35
37 22 36
38 21 37
39 1 -38
40 37 46
41 26 40
42 34 41
43 29 42
44 32 43
45 30 44
46 20 10
47 27 45
48 1 -47
49 34 13
50 36 49
51 38 13
52 29 50
53 54 52
54 46 53
55 37 54
56 54 55
57 47 56
58 1 -57
59 50 51
60 42 59
61 52 60
62 62 61
63 41 62
64 1 -63
65 54 16
66 59 65
67 53 66
68 63 67
69 54 68
70 53 69
71 64 70
72 62 71
73 1 -72
74 57 16
75 72 74
76 61 75
77 68 76
78 75 77
79 62 78
80 1 -79
81 58 18
82 63 81
83 59 82
84 73 83
85 71 84
86 84 85
87 86 86
88 1 -87
89 67 19
90 84 89
91 75 90
92 89 91
93 82 92
94 95 93
95 93 94
96 1 -95
97 92 22
98 86 97
99 92 98
100 99 22
101 98 99
102 89 101
103 89 102
104 1 -103
105 85 100
106 89 105
107 98 106
108 107 107
109 85 108
110 1 -109
111 100 23
112 94 111
113 90 112
114 105 113
115 1 -114
116 108 130
117 113 116
118 114 117
119 114 118
120 97 119
121 105 120
122 1 -121
123 107 24
124 103 123
125 104 124
126 104 125
127 114 126
128 1 -127
129 109 26
130 102 23
131 108 129
132 115 131
133 119 132
134 133 133
135 112 134
136 129 135
137 1 -136
138 128 140
139 125 138
140 120 26
141 124 139
142 120 141
143 125 142
144 132 143
145 1 -144
146 138 27
147 126 146
148 149 147
149 143 148
150 146 149
151 140 150
152 1 -151
153 151 155
154 150 153
155 137 27
156 132 154
157 147 156
158 150 157
159 148 27
160 1 -158
161 150 159
162 154 161
163 157 162
164 160 163
165 156 164
166 153 165
167 146 166
168 1 -167
